1.870 1.991 0
2.007 2.186 0
2.137 1.982 0
1.883 2.103 0
1.917 2.019 0
1.935 2.083 0
1.849 2.087 0
0.122 -0.223 0
2.003 2.031 0
0.055 0.029 0
0.054 0.107 0
0.827 0.981 0
0.980 0.887 0
1.222 0.883 0
1.056 0.921 0
2.080 1.996 0
1.021 1.066 0
-0.055 0.016 0
0.970 1.027 0
1.125 0.860 0
1.023 0.978 0
-0.036 -0.019 0
0.200 0.109 0
-0.163 -0.131 0
-0.176 -0.122 0
-0.023 -0.044 0
-0.029 0.028 0
1.920 1.991 0
-0.030 -0.031 0
1.940 1.967 0
1.021 1.141 0
1.025 1.097 0
1.997 2.081 0
1.921 2.026 0
-0.107 -0.042 0
0.911 1.093 0
1.027 1.151 0
1.992 2.079 0
1.088 0.979 0
-0.031 0.019 0
0.082 -0.033 0
-0.012 -0.034 0
2.110 1.828 0
1.960 1.887 0
0.892 0.854 0
1.900 2.054 0
0.073 0.103 0
2.142 1.770 0
0.034 0.069 0
0.109 0.037 0
1.011 0.808 0
1.976 1.800 0
2.050 2.045 0
-0.150 -0.015 0
2.145 2.127 0
2.085 2.116 0
2.090 1.974 0
0.106 -0.044 0
0.044 0.109 0
0.934 1.016 0
1.897 1.986 0
1.105 0.926 0
-0.056 0.092 0
0.993 1.006 0
-0.026 -0.031 0
0.984 1.079 0
1.027 1.033 0
0.225 -0.012 0
1.903 1.710 0
0.058 0.004 0
1.042 1.208 0
1.824 2.033 0
-0.082 -0.052 0
0.910 0.996 0
2.004 2.134 0
-0.082 0.153 0
-0.075 0.136 0
1.078 1.035 0
2.013 1.968 0
0.174 -0.006 0
-0.072 0.002 0
1.147 0.961 0
1.952 1.947 0
0.051 0.048 0
-0.087 -0.127 0
2.076 2.166 0
1.932 1.960 0
-0.015 -0.056 0
0.997 0.833 0
1.049 0.886 0
2.059 2.220 0
1.081 0.999 0
1.032 1.001 0
0.892 1.078 0
1.929 1.969 0
0.810 1.012 0
1.287 0.992 0
2.045 2.056 0
-0.009 -0.049 0
-0.136 0.046 0
0.934 1.020 0
0.973 0.963 0
0.118 -0.025 0
1.982 1.971 0
1.959 1.964 0
-0.014 0.017 0
0.017 0.122 0
0.916 1.063 0
-0.020 -0.087 0
0.020 -0.145 0
0.992 0.957 0
1.990 1.909 0
0.959 1.013 0
-0.008 0.038 0
0.985 0.986 0
0.042 -0.013 0
0.096 -0.013 0
0.069 -0.137 0
0.115 0.119 0
2.118 2.105 0
0.952 1.005 0
2.065 1.884 0
-0.056 -0.111 0
0.104 -0.026 0
1.901 1.851 0
-0.128 0.003 0
1.961 1.941 0
1.086 0.951 0
1.933 1.960 0
2.026 2.178 0
0.889 0.845 0
1.153 0.894 0
0.106 0.039 0
0.993 1.106 0
1.016 1.036 0
-0.248 -0.030 0
1.865 1.974 0
1.139 1.005 0
1.077 1.001 0
0.005 0.074 0
2.019 2.069 0
-0.032 0.007 0
0.692 1.134 0
1.909 1.964 0
2.194 1.919 0
2.095 1.964 0
1.114 1.074 0
0.936 1.066 0
0.996 0.968 0
-0.107 0.010 0
0.135 0.099 0
0.046 -0.128 0
1.076 0.962 0
-0.164 0.044 0
0.787 1.078 0
0.112 -0.110 0
0.046 0.053 0
0.747 0.848 0
0.021 0.099 0
0.146 0.042 0
1.844 1.819 0
1.066 0.987 0
0.855 0.922 0
-0.158 -0.033 0
2.008 1.980 0
1.029 0.987 0
-0.017 0.057 0
2.045 1.996 0
2.129 1.986 0
-0.046 0.076 0
1.030 0.959 0
-0.002 -0.208 0
1.028 1.076 0
-0.021 0.059 0
2.039 2.056 0
0.991 1.002 0
2.109 2.080 0
1.120 0.834 0
1.956 2.128 0
1.913 1.988 0
1.932 1.974 0
1.041 0.975 0
1.210 0.872 0
-0.003 -0.159 0
1.926 2.076 0
2.127 2.007 0
-0.010 0.234 0
2.094 1.938 0
-0.183 -0.136 0
1.989 2.211 0
-0.008 0.033 0
1.946 1.911 0
2.215 1.822 0
1.917 1.968 0
2.077 2.110 0
2.190 1.934 0
1.009 0.995 0
0.042 0.028 0
1.977 2.179 0
1.018 1.014 0